1.117033362081016667e+00
1.148694262743778616e+00
9.660151580880219635e-01
9.032111846306497549e-01
8.476935049505937014e-01
8.577907289057381535e-01
7.181627577139453322e-01
6.896802726402099237e-01
7.368018000272440471e-01
6.431156011626307789e-01
6.883423035321492023e-01
6.529018817662516350e-01
6.345529245206485980e-01
6.084892064720373028e-01
6.544372530899247309e-01
6.462704396443950117e-01
5.627446907761197714e-01
5.169601399323613400e-01
5.643698535212956502e-01
5.580050545939549966e-01
